% E S A B V L (calculated)
1.58	1.07	0	0.27	1.2586	6.262
1.69	1.16	0	0.37	1.3565	7.027
1.62	0.97	0	0.27	1.3995	6.79
1.61	1.08	0	0.31	1.3995	7.084
1.48	1.07	0	0.27	1.3995	7.282
1.61	1.08	0	0.32	1.3995	7.005
1.65	1.09	0	0.35	1.5404	7.826
1.65	0.98	0	0.31	1.5404	7.611
1.59	1.27	0	0.39	1.4974	7.517
1.61	1.08	0	0.38	1.5404	7.239
1.52	1.08	0	0.31	1.5404	7.876
1.65	1.09	0	0.42	1.6813	7.981
1.58	1.07	0	0.34	1.6813	7.678
1.6	0.99	0	0.35	1.6813	8.126
1.47	1.09	0	0.35	1.6813	8.442
1.49	1.37	0	0.44	1.6383	8.091
1.57	1.12	0	0.36	1.7792	7.772
1.51	1.11	0	0.34	1.7792	7.345
1.52	1	0	0.39	1.8222	8.39
1.65	1.01	0	0.38	1.8222	8.588
1.6	0.99	0	0.34	1.8222	9.179
1.49	1.36	0	0.44	1.9201	8.284
1.49	1.28	0	0.56	1.9201	7.583
1.67	0.99	0	0.33	1.9631	8.713
1.49	1.35	0	0.55	1.9201	6.993
1.67	0.99	0	0.39	1.9631	8.618
1.55	1.09	0	0.35	2.104	9.62
1.63	1.05	0	0.56	2.061	9.041
1.52	1	0	0.32	2.104	9.344
1.53	1.3	0	0.6	2.061	7.908
1.52	1	0	0.32	2.104	9.235
1.57	1.02	0	0.4	2.2449	9.873
1.57	0.94	0	0.41	2.2449	10.193
1.65	0.9	0	0.38	2.2449	9.249
1.49	1.21	0	0.53	2.2019	9.473
1.65	0.93	0	0.44	2.2449	9.752
1.49	1.29	0	0.58	2.3428	8.956
1.67	0.91	0	0.42	2.3858	10.211
1.6	0.94	0	0.54	2.3858	10.098
1.6	0.99	0	0.4	2.3858	10.583
1.53	1.38	0	0.67	2.3428	8.108
1.65	0.93	0	0.51	2.5267	10.318
1.72	0.76	0	0.45	2.5267	10.87
1.86	1.22	0	0.54	2.4181	10.782
1.49	1.12	0	0.59	2.4837	9.112
1.55	1.01	0	0.38	2.5267	11.036
1.57	0.9	0	0.39	2.6676	11.436
1.53	1.29	0	0.62	2.6246	9.19
1.81	1.07	0	0.61	2.559	11.171
1.7	0.84	0	0.48	2.6676	10.905
1.63	0.84	0	0.4	2.6676	11.753
1.57	0.86	0	0.49	2.8085	11.597
1.6	0.86	0	0.5	2.8085	11.417
1.63	0.92	0	0.39	2.8085	11.503
1.56	1.22	0	0.6	2.7655	10.732
1.6	0.86	0	0.55	2.8085	11.359
1.7	0.84	0	0.54	2.9494	11.808
1.6	0.97	0	0.68	2.9064	10.739
1.81	1.15	0	0.6	2.8408	12.291
1.68	0.83	0	0.45	2.9494	11.564
1.67	0.83	0	0.43	2.9494	12.339
1.53	1.21	0	0.7	3.0473	10.11
1.6	0.86	0	0.55	3.0903	12.212
1.67	0.53	0	0.78	3.0473	11.358
1.53	1.21	0	0.64	3.0473	10.503
1.53	1.29	0	0.69	3.0473	10.216
1.6	0.83	0	0.44	3.2312	13.115
1.6	0.83	0	0.43	3.2312	13.24
1.74	0.77	0	0.48	3.2312	13.2
1.63	0.97	0	0.76	3.1882	12.001
1.72	0.76	0	0.52	3.2312	12.848
1.67	0.9	0	0.8	3.3291	12.48
1.7	0.76	0	0.49	3.3721	12.857
1.57	0.86	0	0.43	3.3721	13.345
1.6	0.97	0	0.68	3.3291	12.065
1.72	0.76	0	0.58	3.3721	13.31
1.63	0.76	0	0.48	3.513	13.834
1.68	0.83	0	0.53	3.513	13.363
1.61	0.79	0	0.56	3.513	13.991
1.68	0.83	0	0.47	3.513	13.633
1.81	1.07	0	0.61	3.4044	13.77
1.68	0.83	0	0.44	3.6539	14.009
1.68	0.83	0	0.47	3.6539	13.988
1.68	0.83	0	0.45	3.6539	13.582
1.63	0.97	0	0.82	3.6109	12.765
1.81	1.07	0	0.67	3.5453	14.311
1.7	0.83	0	0.71	3.7518	14.196
1.68	0.83	0	0.53	3.7948	14.216
1.72	0.76	0	0.51	3.7948	14.513
1.72	0.76	0	0.51	3.7948	14.403
1.64	0.34	0	0.43	3.7518	13.605
0.8	0.75	0	0.13	1.1714	4.847
0.87	0.76	0	0.25	1.1714	5.103
0.88	0.64	0	0.19	1.1714	5.17
0.86	0.76	0	0.27	1.1714	5.127
0.8	0.54	0	0.19	1.1714	4.941
0.86	0.76	0	0.23	1.3123	5.361
0.9	0.77	0	0.37	1.3123	5.617
0.8	0.75	0	0.13	1.3123	5.119
0.8	0.75	0	0.19	1.3123	5.207
0.87	0.76	0	0.32	1.3123	5.337
0.86	0.76	0	0.23	1.4532	5.633
0.84	0.71	0	0.23	1.4532	5.977
0.88	0.64	0	0.19	1.4532	5.734
0.84	0.76	0	0.29	1.4532	5.72
0.86	0.64	0	0.17	1.4532	5.733
0.9	0.77	0	0.44	1.5941	6.124
0.93	0.66	0	0.27	1.5941	6.224
0.9	0.77	0	0.38	1.5941	6.148
0.9	0.77	0	0.32	1.5941	6.235
0.9	0.77	0	0.3	1.5941	6.212
0.9	0.64	0	0.23	1.735	6.837
1.02	0.68	0	0.42	1.735	6.917
0.95	0.66	0	0.34	1.735	6.53
0.98	0.67	0	0.42	1.735	6.613
0.88	0.64	0	0.13	1.735	6.443
0.98	0.67	0	0.42	1.8759	6.886
0.98	0.67	0	0.44	1.8759	6.909
0.8	0.75	0	0.13	1.8759	6.917
0.96	0.67	0	0.31	1.8759	7.166
0.9	0.77	0	0.36	1.8759	7.278
0.87	0.68	0	0.33	2.0168	7.451
0.9	0.69	0	0.46	2.0168	7.432
0.83	0.64	0	0.23	2.0168	7.578
0.9	0.77	0	0.38	2.0168	7.621
0.88	0.74	0	0.22	2.0168	7.741
0.98	0.67	0	0.44	2.1577	8.063
0.8	0.75	0	0.17	2.1577	7.78
0.9	0.69	0	0.46	2.1577	7.905
0.9	0.69	0	0.45	2.1577	7.966
0.98	0.67	0	0.42	2.1577	8.04
0.8	0.75	0	0.13	2.2986	8.343
0.86	0.76	0	0.23	2.2986	8.563
0.89	0.66	0	0.17	2.2986	8.42
0.9	0.69	0	0.51	2.2986	8.144
0.9	0.73	0	0.2	2.2986	8.511
0.91	0.66	0	0.3	2.4395	8.665
0.98	0.67	0	0.38	2.4395	9.103
0.95	0.57	0	0.31	2.4395	8.792
0.95	0.66	0	0.34	2.4395	8.934
0.86	0.76	0	0.23	2.4395	9.005
0.87	0.76	0	0.2	2.5804	9.339
0.93	0.7	0	0.44	2.5804	9.458
0.91	0.57	0	0.31	2.5804	9.034
0.9	0.69	0	0.51	2.5804	9.154
0.8	0.75	0	0.17	2.5804	9.001
0.88	0.64	0	0.13	2.7213	9.646
0.9	0.64	0	0.23	2.7213	9.532
0.93	0.78	0	0.42	2.7213	10.064
0.89	0.71	0	0.23	2.7213	9.793
0.88	0.57	0	0.43	2.7213	9.211
0.98	0.59	0	0.51	2.8622	10.01
0.95	0.66	0	0.23	2.8622	10.433
0.9	0.77	0	0.36	2.8622	10.17
0.85	0.64	0	0.21	2.8622	10.348
0.9	0.73	0	0.2	2.8622	10.236
0.95	0.66	0	0.3	3.0031	10.368
0.9	0.69	0	0.37	3.0031	10.665
0.98	0.59	0	0.51	3.0031	10.647
0.95	0.57	0	0.33	3.0031	10.522
0.95	0.66	0	0.23	3.0031	10.659
0.98	0.59	0	0.45	3.144	11.192
0.88	0.57	0	0.31	3.144	11.032
0.98	0.59	0	0.39	3.144	11.247
0.95	0.66	0	0.23	3.144	11.194
0.9	0.73	0	0.21	3.144	10.731
0.9	0.64	0	0.23	3.2849	11.369
0.87	0.31	0	0.39	3.2849	11.351
0.9	0.64	0	0.21	3.2849	11.507
0.98	0.59	0	0.46	3.2849	11.451
0.95	0.26	0	0.28	3.2849	11.085
0.9	0.64	0	0.21	3.4258	12.162
0.98	0.59	0	0.44	3.4258	12.482
0.9	0.69	0	0.46	3.4258	12.333
0.9	0.64	0	0.21	3.4258	12.067
0.98	0.59	0	0.46	3.4258	11.914
0.95	0.2	0	0.39	3.5667	11.982
0.98	0.59	0	0.45	3.5667	12.46
1.02	0.6	0	0.5	3.5667	13.05
0.98	0.59	0	0.51	3.5667	12.985
1.02	0.6	0	0.44	3.5667	13.055
0.98	0.59	0	0.44	3.7076	12.844
0.93	0.7	0	0.44	3.7076	13.27
0.9	0.69	0	0.5	3.7076	12.581
0.93	0.7	0	0.44	3.7076	13.096
0.98	0.59	0	0.39	3.7076	12.983
0.95	0.57	0	0.25	3.8485	13.533
0.98	0.59	0	0.44	3.8485	13.203
0.95	0.2	0	0.39	3.8485	12.987
0.95	0.57	0	0.31	3.8485	12.919
0.98	0.59	0	0.37	3.8485	13.414
0.95	0.26	0	0.22	3.9894	13.456
0.98	0.59	0	0.46	3.9894	13.46
0.98	0.59	0	0.51	3.9894	13.436
0.87	0.68	0	0.22	3.9894	13.286
0.95	0.57	0	0.25	3.9894	14.159
2.32	1.29	0	0.36	1.6276	8.728
2.35	1.3	0	0.4	1.7685	9.471
2.35	1.3	0	0.39	1.7685	9.322
2.21	1.44	0	0.41	1.7255	10.002
2.35	1.3	0	0.39	1.7685	9.55
2.47	1.61	0	0.42	1.7255	9.902
2.37	1.72	0	0.47	1.8664	10.475
2.33	1.61	0	0.55	1.8664	8.918
2.39	1.31	0	0.44	1.9094	10.064
2.32	1.29	0	0.42	1.9094	9.672
2.25	1.46	0	0.44	1.8664	10.493
2.35	1.3	0	0.46	2.0503	10.186
2.39	1.31	0	0.5	2.0503	10.526
2.28	1.47	0	0.49	2.0073	11.11
2.35	1.3	0	0.45	2.0503	10.265
2.25	1.45	0	0.47	2.0073	10.399
2.16	1.65	0	0.51	2.1482	10.775
2.28	1.39	0	0.51	2.1482	11.479
2.35	1.22	0	0.53	2.1912	10.325
2.39	1.15	0	0.46	2.1912	10.802
2.42	1.74	0	0.51	2.1482	11.24
2.42	1.24	0	0.55	2.3321	11.489
2.39	1.23	0	0.5	2.3321	11.447
2.18	1.55	0	0.67	2.2891	10.257
2.35	1.22	0	0.48	2.3321	11.256
2.44	1.73	0	0.54	2.2891	11.2
2.39	1.23	0	0.5	2.473	11.928
2.42	1.24	0	0.49	2.473	12.12
2.4	1.65	0	0.57	2.43	12.041
2.14	1.55	0	0.56	2.43	11.596
2.14	1.39	0	0.63	2.43	11.03
2.39	1.15	0	0.53	2.6139	11.919
2.18	1.55	0	0.57	2.5709	11.782
2.34	1.08	0	0.52	2.6139	12.385
2.42	1.08	0	0.51	2.6139	12.464
2.34	1.16	0	0.62	2.6139	12.03
2.42	1.16	0	0.68	2.7548	12.202
2.18	1.56	0	0.64	2.7118	11.113
2.42	1.08	0	0.57	2.7548	12.698
2.14	1.47	0	0.62	2.7118	11.117
2.14	1.38	0	0.63	2.7118	11.22
2.34	1.16	0	0.56	2.8957	13.284
2.37	1.01	0	0.57	2.8957	13.347
2.42	1.49	0	0.61	2.8527	13.227
2.34	1.16	0	0.57	2.8957	13.205
2.4	1.56	0	0.65	2.8527	12.012
2.42	1.58	0	0.72	2.9936	12.348
2.18	1.4	0	0.72	2.9936	11.738
2.37	1.09	0	0.62	3.0366	13.685
2.16	1.33	0	0.6	2.9936	13.862
2.18	1.48	0	0.71	2.9936	11.58
2.18	1.4	0	0.72	3.1345	11.948
3.69	2.32	0	0.53	2.9829	15.168
2.34	1.08	0	0.65	3.1775	13.807
2.34	1.16	0	0.62	3.1775	13.547
3.69	2.32	0	0.54	2.9829	15.083
2.18	1.48	0	0.69	3.2754	13.054
2.18	1.41	0	0.68	3.2754	13.5
2.18	1.4	0	0.57	3.2754	14.197
3.75	2.18	0	0.6	3.1238	15.546
2.18	1.55	0	0.73	3.2754	12.324
3.73	2.17	0	0.58	3.2647	16
2.34	1.08	0	0.64	3.4593	14.77
2.37	1.01	0	0.63	3.4593	14.999
2.47	1.58	0	0.66	3.4163	14.593
2.42	1.47	0	0.68	3.4163	13.457
2.34	1.08	0	0.57	3.6002	15.088
2.46	1.58	0	0.64	3.5572	14.95
3.75	2.18	0	0.6	3.4056	16.491
2.44	1.49	0	0.68	3.5572	14.416
3.73	2.25	0	0.7	3.4056	16.03
1.28	0.93	0	0.18	1.0854	5.392
1.32	0.94	0	0.2	1.2263	5.883
1.32	0.94	0	0.21	1.2263	5.986
1.32	0.86	0	0.23	1.3672	6.126
1.35	0.95	0	0.25	1.3672	6.579
1.35	0.95	0	0.25	1.3672	6.579
1.35	0.95	0	0.24	1.3672	6.476
1.35	0.95	0	0.26	1.3672	6.5
1.39	0.96	0	0.27	1.5081	7.07
1.38	0.96	0	0.3	1.5081	7.014
1.37	0.96	0	0.26	1.5081	6.731
1.39	0.96	0	0.27	1.5081	6.888
1.37	0.96	0	0.26	1.5081	6.731
1.35	0.87	0	0.27	1.649	7.341
1.42	0.97	0	0.32	1.649	7.584
1.35	0.87	0	0.26	1.649	7.192
1.42	0.97	0	0.32	1.649	7.766
1.42	0.97	0	0.32	1.649	7.505
1.26	0.94	0	0.38	1.7469	7.279
1.36	0.97	0	0.38	1.7469	6.687
1.36	1	0	0.37	1.7469	7.017
1.32	1.04	0	0.39	1.7469	7.401
1.39	1.08	0	0.35	1.7469	7.005
1.35	0.87	0	0.25	1.9308	7.881
1.26	0.93	0	0.35	1.8878	7.923
1.39	1.07	0	0.37	1.8878	6.808
1.25	0.94	0	0.3	1.8878	7.475
1.39	0.98	0	0.41	1.8878	7.161
1.39	1.08	0	0.35	2.0287	7.95
1.39	1.08	0	0.35	2.0287	7.796
1.42	0.81	0	0.36	2.0717	8.589
1.43	1.01	0	0.38	2.0287	7.848
1.35	0.87	0	0.27	2.0717	8.605
1.39	0.88	0	0.28	2.2126	9.388
1.39	0.8	0	0.36	2.2126	8.986
1.39	1	0	0.36	2.1696	8.165
1.37	0.8	0	0.3	2.2126	8.996
1.39	0.8	0	0.37	2.2126	8.845
1.39	0.9	0	0.36	2.3105	8.774
1.37	0.88	0	0.28	2.3535	9.42
1.42	0.81	0	0.41	2.3535	9.36
1.39	0.88	0	0.28	2.3535	9.656
1.39	0.8	0	0.31	2.3535	9.464
1.32	0.94	0	0.53	2.4514	9.298
1.41	0.81	0	0.34	2.4944	10.058
1.32	0.86	0	0.23	2.4944	9.608
1.43	1.01	0	0.45	2.4514	8.812
1.37	0.8	0	0.3	2.4944	9.797
1.43	1	0	0.47	2.5923	8.83
1.35	0.87	0	0.25	2.6353	10.108
1.43	0.83	0	0.46	2.5923	9.194
1.39	0.8	0	0.3	2.6353	10.344
1.37	0.95	0	0.49	2.5923	9.935
1.42	0.89	0	0.34	2.7762	11.278
1.46	1.09	0	0.48	2.7332	9.284
1.42	0.81	0	0.41	2.7762	10.835
1.46	0.94	0	0.42	2.7332	9.831
1.39	0.89	0	0.31	2.7762	10.649
1.37	0.88	0	0.28	2.9171	11.287
1.41	0.81	0	0.39	2.9171	10.907
1.46	0.94	0	0.48	2.8741	10.065
1.42	0.81	0	0.35	2.9171	11.405
1.37	0.79	0	0.4	2.8741	10.526
1.35	0.79	0	0.33	3.058	11.183
1.43	1	0	0.41	3.015	10.348
1.39	0.81	0	0.32	3.058	11.893
1.42	0.81	0	0.41	3.058	11.639
1.42	0.89	0	0.33	3.058	11.907
1.37	0.55	0	0.45	3.1559	11.182
1.37	0.8	0	0.35	3.1989	11.751
1.35	0.79	0	0.26	3.1989	11.924
1.39	0.81	0	0.32	3.1989	12.522
1.35	0.87	0	0.58	3.1559	11.291
1.42	0.81	0	0.35	3.3398	12.825
1.42	0.81	0	0.36	3.3398	12.553
1.37	0.79	0	0.58	3.2968	11.789
1.42	0.81	0	0.42	3.3398	12.892
1.41	0.89	0	0.33	3.3398	12.655
1.39	0.8	0	0.37	3.4807	12.427
1.37	0.79	0	0.58	3.4377	12.109
1.35	0.79	0	0.61	3.4377	12.047
1.46	0.93	0	0.51	3.4377	11.285
1.42	0.81	0	0.35	3.4807	13.21
1.46	0.93	0	0.45	3.5786	11.983
1.39	0.8	0	0.36	3.6216	13.452
1.42	0.81	0	0.4	3.6216	13.524
1.34	0.81	0	0.34	3.6216	13.609
1.41	0.81	0	0.34	3.6216	13.732
1.35	0.79	0	0.61	3.7195	13.207
1.41	0.81	0	0.33	3.7625	13.529
1.39	0.81	0	0.32	3.7625	13.821
1.42	0.81	0	0.41	3.7625	14.099
1.41	0.81	0	0.4	3.7625	13.966
1.37	0.8	0	0.3	3.9034	14.227
1.37	0.8	0	0.29	3.9034	13.969
1.42	0.81	0	0.42	3.9034	14.146
1.41	0.81	0	0.33	3.9034	14.368
1.41	0.81	0	0.4	3.9034	14.028
0.36	0.57	0	0	1.3004	4.853
0.44	0.46	0	0	1.3004	4.661
0.53	0.36	0	0	1.3004	4.985
0.36	0.57	0	0	1.3004	4.517
0.31	0.3	0	0	1.3004	4.631
0.44	0.46	0	0	1.4413	5.048
0.4	0.46	0	0	1.4413	5.381
0.53	0.36	0	0	1.4413	5.218
0.44	0.46	0	0	1.4413	5.078
0.36	0.57	0	0	1.4413	4.937
0.44	0.99	0	0	1.5822	5.608
0.44	0.16	0	0	1.5822	5.522
0.53	0.36	0	0	1.5822	5.595
0.53	0.36	0	0	1.5822	5.71
0.44	0.46	0	0	1.5822	5.373
0.53	0.36	0	0	1.7231	6.021
0.44	0.46	0	0.16	1.7231	5.884
0.48	0.36	0	0	1.7231	6.008
0.53	0.36	0	0	1.7231	5.727
0.44	0.99	0	0	1.7231	5.955
0.48	0.1	0	0	1.864	6.339
0.53	0.36	0	0	1.864	6.259
0.48	0.36	0	0	1.864	6.549
0.53	0.36	0	0	1.864	6.564
0.53	0.36	0	0	1.864	6.409
0.53	0.36	0	0	2.0049	6.651
0.53	0.36	0	0	2.0049	6.772
0.53	0.36	0	0	2.0049	6.553
0.53	0.36	0	0	2.0049	6.562
0.4	0.99	0	0	2.0049	7.018
0.44	0.99	0	0	2.1458	7.343
0.44	0.46	0	0	2.1458	7.681
0.44	0.46	0	0	2.1458	7.481
0.44	0.46	0	0	2.1458	7.578
0.53	0.36	0	0	2.1458	7.766
0.44	0.99	0	0	2.2867	7.833
0.44	0.46	0	0	2.2867	8.041
0.53	0.36	0	0	2.2867	8.038
0.44	0.46	0	0	2.2867	7.667
0.44	0.99	0	0	2.2867	7.804
0.53	0.36	0	0	2.4276	8.479
0.53	0.36	0	0	2.4276	8.486
0.44	0.46	0	0	2.4276	8.315
0.44	0.46	0	0	2.4276	8.382
0.44	0.46	0	0	2.4276	8.349
0.44	0.46	0	0	2.5685	8.979
0.53	0.36	0	0	2.5685	8.68
0.53	0.36	0	0	2.5685	9.034
0.53	0.36	0	0	2.5685	8.562
0.53	0.36	0	0	2.5685	8.763
0.53	0.36	0	0	2.7094	9.205
0.53	0.36	0	0	2.7094	8.699
0.53	0.36	0	0	2.7094	9.365
0.44	0.99	0	0	2.7094	9.163
0.53	0.36	0	0	2.7094	9.442
0.53	0.36	0	0	2.8503	9.765
0.44	0.99	0	0	2.8503	9.602
0.44	0.99	0	0	2.8503	9.659
0.53	0.36	0	0	2.8503	9.814
0.4	0.46	0	0	2.8503	10.334
0.53	0.36	0	0	2.9912	9.804
0.44	0.46	0	0	2.9912	10.363
0.53	0.36	0	0	2.9912	10.217
0.53	0.36	0	0	2.9912	10.299
0.53	0.36	0	0	2.9912	10.316
0.44	0.46	0	0	3.1321	10.74
0.53	0.36	0	0	3.1321	10.508
0.53	0.36	0	0	3.1321	10.811
0.48	0.36	0	0	3.1321	11.291
0.44	0.99	0	0	3.1321	10.439
0.53	0.36	0	0	3.273	11.211
0.44	0.99	0	0	3.273	10.822
0.53	0.36	0	0	3.273	10.883
0.44	0.99	0	0	3.273	10.922
0.53	0.36	0	0	3.273	10.953
0.53	0.36	0	0	3.4139	11.427
0.44	0.99	0	0	3.4139	11.42
0.44	0.46	0	0	3.4139	11.347
0.53	0.36	0	0	3.4139	11.58
0.53	0.36	0	0	3.4139	11.701
0.44	0.46	0	0	3.5548	12.111
0.44	0.99	0	0	3.5548	11.683
0.44	0.99	0	0	3.5548	12.294
0.53	0.36	0	0	3.5548	11.912
0.53	0.36	0	0	3.5548	11.774
0.53	0.36	0	0	3.6957	12.171
0.53	0.36	0	0	3.6957	12.454
0.53	0.36	0	0	3.6957	12.51
0.44	0.99	0	0	3.6957	12.646
0.44	0.99	0	0	3.6957	12.346
0.53	0.36	0	0	3.8366	12.883
0.53	0.36	0	0	3.8366	13.141
0.53	0.36	0	0	3.8366	12.773
0.53	0.36	0	0	3.8366	12.749
0.44	0.99	0	0	3.8366	12.798
0.53	0.36	0	0	3.9775	13.204
0.53	0.36	0	0	3.9775	13.373
0.53	0.36	0	0	3.9775	13.002
0.53	0.36	0	0	3.9775	13.434
0.44	0.99	0	0	3.9775	13.117
0.44	0.46	0	0	4.1184	13.552
0.53	0.36	0	0	4.1184	13.568
0.53	0.36	0	0	4.1184	13.568
0.44	0.99	0	0	4.1184	13.55
0.53	0.36	0	0	4.1184	13.677
0	0	0	0	1.5176	4.309
0	0	0	0	1.5176	4.41
0	0	0	0	1.5176	4.3
0	0	0	0	1.5176	4.099
0	0	0	0	1.5176	3.888
0	0	0	0	1.6585	4.528
0	0	0	0	1.6585	4.985
0	0	0	0	1.6585	4.781
0	0	0	0	1.6585	4.625
0	0	0	0	1.6585	4.727
0	0	0	0	1.7994	4.983
0	0	0	0	1.7994	5.254
0	0	0	0	1.7994	5.097
0	0	0	0	1.7994	4.896
0	0	0	0	1.7994	5.245
0	0	0	0	1.9403	5.473
0	0	0	0	1.9403	5.72
0	0	0	0	1.9403	5.747
0	0	0	0	1.9403	5.519
0	0	0	0	1.9403	6.253
0	0	0	0	2.0812	5.937
0	0	0	0	2.0812	5.865
0	0	0	0	2.0812	5.903
0	0	0	0	2.0812	6.258
0	0	0	0	2.0812	6.511
0	0	0	0	2.2221	6.701
0	0	0	0	2.2221	6.518
0	0	0	0	2.2221	6.678
0	0	0	0	2.2221	6.273
0	0	0	0	2.2221	6.527
0	0	0	0	2.363	6.99
0	0	0	0	2.363	7.05
0	0	0	0	2.363	6.952
0	0	0	0	2.363	6.837
0	0	0	0	2.363	7.515
0	0	0	0	2.5039	7.698
0	0	0	0	2.5039	7.374
0	0	0	0	2.5039	7.463
0	0	0	0	2.5039	7.498
0	0	0	0	2.5039	7.522
0	0	0	0	2.6448	8.299
0	0	0	0	2.6448	7.965
0	0	0	0	2.6448	7.902
0	0	0	0	2.6448	7.797
0	0	0	0	2.6448	8.107
0	0	0	0	2.7857	8.254
0	0	0	0	2.7857	8.758
0	0	0	0	2.7857	8.868
0	0	0	0	2.7857	8.971
0	0	0	0	2.7857	8.885
0	0	0	0	2.9266	8.827
0	0	0	0	2.9266	8.792
0	0	0	0	2.9266	8.749
0	0	0	0	2.9266	8.812
0	0	0	0	2.9266	8.736
0	0	0	0	3.0675	9.247
0	0	0	0	3.0675	9.626
0	0	0	0	3.0675	9.191
0	0	0	0	3.0675	9.268
0	0	0	0	3.0675	9.378
0	0	0	0	3.2084	10.011
0	0	0	0	3.2084	10.058
0	0	0	0	3.2084	10.362
0	0	0	0	3.2084	9.716
0	0	0	0	3.2084	9.71
0	0	0	0	3.3493	10.397
0	0	0	0	3.3493	10.467
0	0	0	0	3.3493	10.205
0	0	0	0	3.3493	10.432
0	0	0	0	3.3493	10.135
0	0	0	0	3.4902	11.006
0	0	0	0	3.4902	11.007
0	0	0	0	3.4902	10.996
0	0	0	0	3.4902	10.75
0	0	0	0	3.4902	11.133
0	0	0	0	3.6311	11.365
0	0	0	0	3.6311	11.491
0	0	0	0	3.6311	11.524
0	0	0	0	3.6311	11.575
0	0	0	0	3.6311	11.342
0	0	0	0	3.772	12.129
0	0	0	0	3.772	11.981
0	0	0	0	3.772	11.74
0	0	0	0	3.772	11.625
0	0	0	0	3.772	12.088
0	0	0	0	3.9129	12.046
0	0	0	0	3.9129	13.045
0	0	0	0	3.9129	12.189
0	0	0	0	3.9129	12.141
0	0	0	0	3.9129	12.141
0	0	0	0	4.0538	12.613
0	0	0	0	4.0538	12.935
0	0	0	0	4.0538	12.952
0	0	0	0	4.0538	13.129
0	0	0	0	4.0538	12.81
0	0	0	0	4.1947	13.866
0	0	0	0	4.1947	13.657
0	0	0	0	4.1947	13.523
0	0	0	0	4.1947	13.42
0	0	0	0	4.1947	13.24
0	0	0	0	4.3356	13.88
0	0	0	0	4.3356	14.453
0	0	0	0	4.3356	14.485
0	0	0	0	4.3356	13.917
0	0	0	0	4.3356	13.883
0.63	0.46	0	0.21	1.28	4.714
0.68	0.56	0	0.26	1.28	4.884
0.63	0.54	0	0.21	1.28	4.518
0.63	0.48	0	0.17	1.28	4.8
0.63	0.48	0	0.17	1.28	4.647
0.62	0.54	0	0.15	1.4209	5.314
0.69	0.56	0	0.24	1.4209	5.332
0.63	0.46	0	0.21	1.4209	5.187
0.68	0.56	0	0.26	1.4209	5.356
0.63	0.54	0	0.21	1.4209	4.935
0.72	0.76	0	0.28	1.5618	5.847
0.72	0.57	0	0.28	1.5618	5.847
0.68	0.56	0	0.26	1.5618	5.829
0.63	0.54	0	0.2	1.5618	5.61
0.65	0.46	0	0.33	1.5618	5.299
0.69	0.56	0	0.24	1.7027	6.124
0.69	0.56	0	0.22	1.7027	6.1
0.63	0.54	0	0.2	1.7027	6.091
0.69	0.47	0	0.25	1.7027	6.174
0.72	0.57	0	0.3	1.7027	6.343
0.63	0.48	0	0.17	1.8436	6.809
0.72	0.49	0	0.36	1.8436	6.388
0.72	0.57	0	0.28	1.8436	6.638
0.68	0.47	0	0.27	1.8436	6.67
0.63	0.48	0	0.17	1.8436	6.545
0.72	0.49	0	0.3	1.9845	7.007
0.69	0.47	0	0.25	1.9845	6.965
0.72	0.49	0	0.38	1.9845	6.946
0.72	0.49	0	0.44	1.9845	6.922
0.69	0.47	0	0.25	1.9845	6.965
0.68	0.47	0	0.27	2.1254	7.308
0.72	0.49	0	0.3	2.1254	7.479
0.69	0.47	0	0.25	2.1254	7.284
0.72	0.49	0	0.44	2.1254	7.362
0.68	0.47	0	0.27	2.1254	7.674
0.69	0.56	0	0.24	2.2663	8.053
0.72	0.49	0	0.3	2.2663	8.195
0.63	0.46	0	0.21	2.2663	8.17
0.69	0.47	0	0.23	2.2663	7.895
0.69	0.56	0	0.22	2.2663	8.029
0.69	0.47	0	0.3	2.4072	8.098
0.69	0.47	0	0.23	2.4072	8.214
0.69	0.47	0	0.32	2.4072	8.091
0.66	0.73	0	0.27	2.4072	8.27
0.66	0.47	0	0.27	2.4072	8.057
0.63	0.54	0	0.2	2.5481	9.161
0.63	0.46	0	0.21	2.5481	9.057
0.69	0.56	0	0.22	2.5481	8.82
0.69	0.47	0	0.3	2.5481	8.57
0.72	0.49	0	0.3	2.5481	8.927
0.63	0.46	0	0.21	2.689	9.297
0.69	0.56	0	0.24	2.689	9.296
0.69	0.56	0	0.24	2.689	9.296
0.62	0.54	0	0.15	2.689	9.657
0.72	0.49	0	0.32	2.689	9.432
0.69	0.56	0	0.24	2.8299	9.828
0.69	0.47	0	0.25	2.8299	9.685
0.63	0.46	0	0.21	2.8299	9.886
0.72	0.49	0	0.3	2.8299	9.893
0.68	0.47	0	0.34	2.8299	9.441
0.72	0.49	0	0.3	2.9708	10.528
0.7	0.49	0	0.31	2.9708	10.027
0.69	0.47	0	0.32	2.9708	9.867
0.7	0.49	0	0.31	2.9708	10.173
0.72	0.49	0	0.32	2.9708	10.582
0.63	0.46	0	0.21	3.1117	10.568
0.72	0.57	0	0.36	3.1117	10.785
0.72	0.49	0	0.38	3.1117	10.641
0.72	0.49	0	0.32	3.1117	11.084
0.69	0.47	0	0.32	3.1117	10.486
0.72	0.49	0	0.3	3.2526	10.971
0.7	0.49	0	0.31	3.2526	11.295
0.7	0.49	0	0.31	3.2526	10.819
0.72	0.49	0	0.38	3.2526	11.143
0.72	0.57	0	0.36	3.2526	11.317
0.72	0.49	0	0.37	3.3935	11.647
0.72	0.49	0	0.38	3.3935	11.441
0.72	0.49	0	0.38	3.3935	11.761
0.72	0.49	0	0.3	3.3935	11.656
0.72	0.49	0	0.3	3.3935	11.473
0.72	0.49	0	0.36	3.5344	11.89
0.69	0.47	0	0.25	3.5344	12.342
0.72	0.49	0	0.38	3.5344	11.669
0.69	0.47	0	0.25	3.5344	11.913
0.68	0.56	0	0.26	3.5344	12.07
0.72	0.49	0	0.32	3.6753	12.288
0.72	0.49	0	0.3	3.6753	13.01
0.72	0.49	0	0.3	3.6753	12.427
0.72	0.49	0	0.3	3.6753	12.98
0.72	0.49	0	0.3	3.6753	12.447
0.68	0.47	0	0.27	3.8162	12.881
0.69	0.47	0	0.23	3.8162	12.827
0.72	0.49	0	0.32	3.8162	12.914
0.72	0.49	0	0.3	3.8162	12.899
0.69	0.47	0	0.14	3.8162	12.557
0.72	0.49	0	0.37	3.9571	13.372
0.72	0.49	0	0.3	3.9571	13.402
0.72	0.49	0	0.32	3.9571	13.396
0.69	0.47	0	0.25	3.9571	13.33
0.69	0.47	0	0.3	3.9571	13.097
0.72	0.49	0	0.32	4.098	14.247
0.7	0.49	0	0.31	4.098	13.519
0.72	0.49	0	0.37	4.098	14.07
0.72	0.49	0	0.37	4.098	13.721
0.72	0.49	0	0.37	4.098	13.691
0.2	0.18	0	0	1.409	4.668
0.26	0.18	0	0	1.409	4.872
0.18	0.28	0	0	1.409	4.645
0.26	0.18	0	0	1.409	4.718
0.26	0.18	0	0	1.409	4.675
0.18	0.28	0	0	1.5499	5.074
0.22	0.18	0	0	1.5499	5.172
0.18	-0.02	0	0	1.5499	5.063
0.18	0.28	0	0	1.5499	5.042
0.26	0.18	0	0	1.5499	5.191
0.18	0.81	0	0	1.6908	5.481
0.18	0.28	0	0	1.6908	5.436
0.26	0.18	0	0	1.6908	5.497
0.18	0.28	0	0	1.6908	5.257
0.26	0.18	0	0	1.6908	5.465
0.26	0.18	0	0	1.8317	5.833
0.26	0.18	0	0	1.8317	5.684
0.18	0.28	0	0	1.8317	5.954
0.18	0.81	0	0	1.8317	5.839
0.26	0.18	0	0	1.8317	6.044
0.27	0.28	0	0	1.9726	6.562
0.27	0.28	0	0	1.9726	6.532
0.26	0.18	0	0	1.9726	6.217
0.18	0.81	0	0	1.9726	5.963
0.18	0.81	0	0	1.9726	6.273
0.18	0.28	0	0	2.1135	6.396
0.26	0.18	0	0	2.1135	6.738
0.26	0.18	0	0	2.1135	6.885
0.18	0.28	0	0	2.1135	6.692
0.18	0.28	0	0	2.1135	6.859
0.26	0.18	0	0	2.2544	7.152
0.27	0.28	0	0	2.2544	7.537
0.26	0.18	0	0	2.2544	7.379
0.27	0.28	0	0	2.2544	7.48
0.27	0.28	0	0	2.2544	7.946
0.26	0.18	0	0	2.3953	7.644
0.22	0.18	0	0	2.3953	7.808
0.18	0.28	0	0	2.3953	7.406
0.18	0.81	0	0	2.3953	7.624
0.18	0.28	0	0	2.3953	7.659
0.18	0.81	0	0	2.5362	8.222
0.26	0.18	0	0	2.5362	8.165
0.18	0.28	0	0	2.5362	8.251
0.26	0.18	0	0	2.5362	8.18
0.26	0.18	0	0	2.5362	8.322
0.18	0.28	0	0	2.6771	8.711
0.18	0.28	0	0	2.6771	8.916
0.26	0.18	0	0	2.6771	8.618
0.18	0.28	0	0	2.6771	8.769
0.26	0.18	0	0	2.6771	8.648
0.27	0.28	0	0	2.818	9.282
0.18	0.28	0	0	2.818	9.037
0.26	0.18	0	0	2.818	9.266
0.18	0.28	0	0	2.818	9.051
0.18	0.28	0	0	2.818	9.107
0.26	0.18	0	0	2.9589	9.604
0.26	0.18	0	0	2.9589	10.032
0.18	0.28	0	0	2.9589	9.443
0.26	0.18	0	0	2.9589	9.598
0.18	0.81	0	0	2.9589	9.34
0.26	0.18	0	0	3.0998	10.388
0.26	0.18	0	0	3.0998	10.424
0.26	0.18	0	0	3.0998	9.87
0.26	0.18	0	0	3.0998	9.888
0.18	0.81	0	0	3.0998	9.947
0.26	0.18	0	0	3.2407	10.303
0.26	0.18	0	0	3.2407	10.434
0.26	0.18	0	0	3.2407	10.177
0.26	0.18	0	0	3.2407	10.292
0.26	0.18	0	0	3.2407	10.788
0.26	0.18	0	0	3.3816	11.389
0.18	0.81	0	0	3.3816	10.892
0.26	0.18	0	0	3.3816	11.354
0.26	0.18	0	0	3.3816	10.878
0.26	0.18	0	0	3.3816	11.208
0.18	0.81	0	0	3.5225	10.901
0.26	0.18	0	0	3.5225	10.956
0.18	0.81	0	0	3.5225	10.817
0.18	0.81	0	0	3.5225	11.218
0.26	0.18	0	0	3.5225	11.512
0.26	0.18	0	0	3.6634	12.252
0.26	0.18	0	0	3.6634	11.867
0.26	0.18	0	0	3.6634	12.166
0.26	0.18	0	0	3.6634	11.748
0.26	0.18	0	0	3.6634	11.714
0.26	0.18	0	0	3.8043	12.218
0.26	0.18	0	0	3.8043	12.4
0.26	0.18	0	0	3.8043	12.136
0.26	0.18	0	0	3.8043	11.961
0.26	0.18	0	0	3.8043	12.362
0.26	0.18	0	0	3.9452	12.569
0.26	0.18	0	0	3.9452	12.627
0.26	0.18	0	0	3.9452	12.623
0.26	0.18	0	0	3.9452	12.751
0.26	0.18	0	0	3.9452	12.528
0.26	0.18	0	0	4.0861	12.672
0.26	0.18	0	0	4.0861	13.23
0.26	0.18	0	0	4.0861	12.901
0.26	0.18	0	0	4.0861	13.077
0.18	0.81	0	0	4.0861	13.336
0.26	0.18	0	0	4.227	13.349
0.26	0.18	0	0	4.227	13.144
0.26	0.18	0	0	4.227	13.175
0.26	0.18	0	0	4.227	13.502
0.26	0.18	0	0	4.227	13.523
0	0	0	0	1.5176	4.746
0	0	0	0	1.6585	5.249
0	0	0	0	1.7994	5.751
0	0	0	0	1.9403	6.253
0	0	0	0	2.0812	6.755
0	0	0	0	2.2221	7.257
0	0	0	0	2.363	7.76
0	0	0	0	2.5039	8.262
0	0	0	0	2.6448	8.764
0	0	0	0	2.7857	9.266
0	0	0	0	2.9266	9.769
0	0	0	0	3.0675	10.271
0	0	0	0	3.2084	10.773
0	0	0	0	3.3493	11.275
0	0	0	0	3.4902	11.778
0	0	0	0	3.6311	12.28
0	0	0	0	3.772	12.782
0	0	0	0	3.9129	13.284
0	0	0	0	4.0538	13.787
0	0	0	0	4.1947	14.289
0	0	0	0	4.3356	14.791
1.97	1.18	0	0.3	1.2156	6.262
0.79	0.54	0	0	1.6145	6.315
2.07	1.25	0	0.22	1.4544	7.866
2.52	1.25	0	0.27	1.4544	7.789
2.02	1.26	0	0.25	1.5953	8.357
2.02	1.26	0	0.26	1.5953	8.46
2.02	1.26	0	0.26	1.5953	8.46
2.1	1.26	0	0.26	1.5953	8.46
2.02	1.26	0	0.25	1.5953	8.357
2.25	1.27	0	0.31	1.7362	9.181
2.05	1.27	0	0.28	1.7362	8.95
2.05	1.27	0	0.29	1.7362	9.053
2.05	1.27	0	0.28	1.7362	8.95
2.85	1.43	0	0.26	1.5846	8.944
2.09	1.28	0	0.32	1.8771	9.544
2.1	1.18	0	0.27	1.8771	9.301
2.1	1.18	0	0.33	1.8771	9.001
2.02	1.18	0	0.27	1.8771	9.073
2.05	1.19	0	0.29	1.8771	9.319
2.68	1.44	0	0.27	1.8234	10.34
2.07	1.2	0	0.33	2.018	9.676
2.04	1.11	0	0.31	2.018	9.688
2.68	1.39	0	0.27	1.8234	10.487
2.94	1.33	0	0.27	1.8234	10.311
2.07	1.2	0	0.33	2.1589	9.92
2.05	1.19	0	0.36	2.1589	10.025
2.05	1.19	0	0.36	2.1589	10.025
2.05	1.11	0	0.31	2.1589	10.16
2.04	1.19	0	0.29	2.1589	9.874
2.05	1.11	0	0.32	2.2998	10.354
3.27	1.71	0	0.33	1.9536	11.608
2.09	1.12	0	0.39	2.2998	10.351
2.11	1.13	0	0.37	2.2998	10.535
3.79	1.96	0	0.34	1.9536	11.566
2.07	1.12	0	0.34	2.4407	10.608
2.79	1.47	0	0.36	2.2461	12.018
2.05	1.11	0	0.31	2.4407	11.105
2.37	1.54	0	0.44	2.2891	9.47
2.37	1.56	0	0.49	2.2891	9.943
4.03	1.92	0	0.43	2.0838	13.378
2.34	1.39	0	0.41	2.43	11.159
4.98	2.01	0	0.59	2.0838	13.193
2.75	1.3	0	0.36	2.387	12.264
2.07	1.04	0	0.42	2.5816	11.356
2.07	1.12	0	0.33	2.7225	11.678
2.11	1.13	0	0.43	2.7225	11.714
2.11	1.13	0	0.44	2.7225	11.602
2.09	1.04	0	0.49	2.7225	11.631
2.79	1.39	0	0.45	2.5279	12.662
2.07	1.04	0	0.48	2.8634	11.939
4.27	1.97	0	0.63	2.214	15.623
2.37	1.47	0	0.43	2.7118	11.453
2.79	1.31	0	0.46	2.6688	13.03
4.24	2.5	0	0.5	2.3226	14.334
2.41	1.48	0	0.53	2.8527	11.593
2.11	0.97	0	0.46	3.0043	12.688
3.67	1.94	0	0.58	2.6581	12.813
2.11	1.05	0	0.44	3.0043	12.34
2.82	1.32	0	0.42	2.8097	13.821
2.11	0.97	0	0.39	3.1452	13.245
2.11	1.05	0	0.38	3.1452	13.349
2.81	1.32	0	0.42	2.9506	13.829
2.11	0.97	0	0.4	3.1452	13.12
2.77	1.23	0	0.39	2.9506	13.812
3.03	1.45	0	0.58	2.9399	14.136
2.81	1.24	0	0.5	3.0915	14.134
2.81	1.32	0	0.55	3.0915	13.991
3.51	1.84	0	0.6	2.9399	14.094
2.79	1.31	0	0.46	3.0915	14.509
2.81	1.24	0	0.61	3.2324	14.131
3.06	1.61	0	0.66	3.0808	14.154
2.81	1.24	0	0.61	3.2324	13.895
2.41	1.47	0	0.49	3.2754	12.795
2.79	1.23	0	0.41	3.2324	14.888
2.81	1.24	0	0.56	3.3733	15.13
2.81	1.15	0	0.51	3.3733	15.203
3.51	1.83	0	0.57	3.2217	14.71
3.51	1.68	0	0.57	3.2217	15.019
2.82	1.24	0	0.5	3.3733	15.215
3.51	1.75	0	0.71	3.3626	14.479
2.81	1.15	0	0.44	3.5142	15.719
2.81	1.15	0	0.56	3.5142	15.273
2.81	1.15	0	0.51	3.5142	15.676
2.81	1.15	0	0.51	3.5142	15.509
0.79	0.54	0	0	1.7554	7.654
0.79	0.54	0	0	1.8963	7.966
0.79	0.54	0	0	1.8963	7.797
0.79	0.54	0	0	1.8963	7.761
0.79	0.54	0	0	1.8963	7.897
0.75	0.54	0	0	1.8963	8.067
0.79	0.54	0	0	2.0372	8.184
0.75	0.54	0	0	2.0372	8.265
0.79	0.54	0	0	2.0372	8.496
0.79	0.54	0	0	2.0372	8.179
0.79	0.54	0	0	2.0372	8.496
0.79	0.54	0	0	2.1781	8.873
0.79	0.54	0	0	2.1781	8.703
0.79	0.54	0	0	2.1781	8.694
0.79	0.54	0	0	2.1781	9
0.79	0.54	0	0	2.1781	8.817
0.75	0.54	0	0	2.319	9.346
0.79	0.54	0	0	2.319	9.441
0.75	0.54	0	0	2.319	9.381
0.79	0.54	0	0	2.319	9.312
0.79	0.54	0	0	2.319	9.185
0.79	0.54	0	0	2.4599	9.943
0.79	0.54	0	0	2.4599	9.376
0.79	0.54	0	0	2.4599	8.799
0.75	0.54	0	0	2.4599	9.704
0.79	0.54	0	0	2.4599	9.889
0.79	0.54	0	0	2.6008	9.536
0.79	0.54	0	0	2.6008	9.093
0.79	0.54	0	0	2.6008	10.445
0.79	0.54	0	0	2.6008	9.894
0.79	0.54	0	0	2.6008	9.87
1.06	0.83	0	0.03	2.6331	11.083
0.79	0.54	0	0	2.7417	10.423
0.79	0.54	0	0	2.7417	10.535
0.79	0.54	0	0	2.7417	10.783
0.79	0.54	0	0	2.7417	10.755
1.06	0.83	0	0.03	2.774	11.65
0.79	0.54	0	0	2.8826	11.166
0.75	0.54	0	0	2.8826	11.091
0.79	0.54	0	0	2.8826	11.227
0.79	0.54	0	0	2.8826	11.091
0.79	0.54	0	0	3.0235	11.694
0.79	0.54	0	0	3.0235	11.193
0.79	0.54	0	0	3.0235	11.903
0.79	0.54	0	0	3.0235	11.341
1.06	0.83	0	0.03	2.9149	12.113
0.79	0.54	0	0	3.1644	12.232
1.06	0.82	0	0	3.0558	11.704
1.06	0.59	0	0.16	3.0558	11.579
0.79	0.54	0	0	3.1644	12.332
1.02	0.83	0	0.03	3.0558	12.674
0.79	0.54	0	0	3.3053	11.295
0.79	0.54	0	0	3.3053	12.734
0.79	0.54	0	0	3.3053	12.441
0.79	0.54	0	0	3.3053	12.874
0.79	0.54	0	0	3.3053	12.844
1.06	0.82	0	0	3.3376	12.495
1.06	1.41	0	0	3.3376	12.642
0.79	0.54	0	0	3.4462	12.804
0.79	0.54	0	0	3.4462	12.623
1.06	0.83	0	0.03	3.3376	13.352
1.29	1.07	0	0.3	3.3699	13.128
1.06	0.82	0	0	3.4785	12.968
1.06	1.41	0	0	3.4785	12.932
0.79	0.54	0	0	3.5871	13.266
0.79	0.54	0	0	3.5871	13.815
1.06	0.83	0	0.03	3.6194	14.836
0.79	0.54	0	0	3.728	12.742
1.06	0.82	0	0	3.6194	13.24
1.06	1.41	0	0	3.6624	13.996
0.79	0.54	0	0	3.728	14.43
1.29	0.78	0	0.3	3.6517	13.935
1.29	1.07	0	0.3	3.6517	14.062
0.79	0.54	0	0	3.8689	14.625
0.79	0.54	0	0	3.8689	13.84
1.06	1.41	0	0	3.7603	13.813
1.06	1.41	0	0	3.9012	14.285
1.06	0.83	0	0.03	3.9012	15.388
0.79	0.54	0	0	4.0098	14.827
1.15	0.98	0	0.23	3.7926	14.536
1.06	0.82	0	0	3.9012	14.321
